                           Logit Regression Results                           
==============================================================================
Dep. Variable:                  after   No. Observations:                 5400
Model:                          Logit   Df Residuals:                     5357
Method:                           MLE   Df Model:                           42
Date:                Tue, 25 Mar 2025   Pseudo R-squ.:                 0.09137
Time:                        18:19:01   Log-Likelihood:                -3401.0
converged:                       True   LL-Null:                       -3743.0
Covariance Type:            nonrobust   LLR p-value:                6.260e-117
=========================================================================================================
                                            coef    std err          z      P>|z|      [0.025      0.975]
---------------------------------------------------------------------------------------------------------
const                                     0.0189      0.029      0.647      0.517      -0.038       0.076
avg_word_length                           0.1169      0.049      2.390      0.017       0.021       0.213
n_low_intensity_anticipation             -0.1561      0.030     -5.205      0.000      -0.215      -0.097
n_PRON_Person_2                           0.2926      0.046      6.386      0.000       0.203       0.382
n_high_anger_intensity                    0.1248      0.037      3.383      0.001       0.052       0.197
n_aux                                    -0.1966      0.036     -5.450      0.000      -0.267      -0.126
n_dependency_advcl                        0.1658      0.035      4.730      0.000       0.097       0.235
n_high_synsets                           -0.1702      0.041     -4.160      0.000      -0.250      -0.090
n_high_valence                            0.2957      0.056      5.322      0.000       0.187       0.405
n_global_token_hapax_dislegomena          0.4571      0.079      5.788      0.000       0.302       0.612
n_PROPN_Number_Plur                       0.1526      0.031      4.938      0.000       0.092       0.213
n_VERB_Mood_Ind                          -0.1225      0.031     -3.991      0.000      -0.183      -0.062
n_global_token_hapax_legomena            -0.3277      0.075     -4.366      0.000      -0.475      -0.181
n_high_Auditory_sensorimotor             -0.1348      0.034     -3.982      0.000      -0.201      -0.068
n_dependency_case                         0.1097      0.031      3.576      0.000       0.050       0.170
n_VERB_Aspect_Prog                        0.1481      0.035      4.220      0.000       0.079       0.217
n_controversial_Auditory_sensorimotor    -0.1835      0.049     -3.761      0.000      -0.279      -0.088
n_sentences                               0.1358      0.033      4.070      0.000       0.070       0.201
avg_sd_Mouth_sensorimotor                 0.0702      0.031      2.252      0.024       0.009       0.131
n_dependency_conj                        -0.3128      0.068     -4.619      0.000      -0.446      -0.180
n_PUNCT_PunctType_Comm                    0.2682      0.047      5.683      0.000       0.176       0.361
n_dependency_amod                        -0.1369      0.044     -3.081      0.002      -0.224      -0.050
n_fac                                     0.0871      0.030      2.907      0.004       0.028       0.146
n_PRON_Gender_Neut                        0.1184      0.033      3.581      0.000       0.054       0.183
n_high_aoa                                0.1486      0.044      3.353      0.001       0.062       0.235
n_low_Head_sensorimotor                  -0.1751      0.071     -2.465      0.014      -0.314      -0.036
n_high_surprise_intensity                 0.0958      0.034      2.785      0.005       0.028       0.163
n_high_Torso_sensorimotor                 0.0775      0.031      2.524      0.012       0.017       0.138
ID                                        0.0831      0.029      2.845      0.004       0.026       0.140
n_high_trust_intensity                    0.0768      0.032      2.425      0.015       0.015       0.139
n_PUNCT_PunctType_Quot                    0.0956      0.038      2.509      0.012       0.021       0.170
n_x                                      -0.0672      0.031     -2.143      0.032      -0.129      -0.006
n_PRON_Case_Acc                          -0.0749      0.031     -2.388      0.017      -0.136      -0.013
n_percent                                -0.0737      0.029     -2.502      0.012      -0.131      -0.016
n_high_Haptic_sensorimotor               -0.0754      0.031     -2.450      0.014      -0.136      -0.015
n_DET_Number_Sing                         0.0814      0.031      2.629      0.009       0.021       0.142
n_DET_Number_Plur                         0.0670      0.031      2.173      0.030       0.007       0.128
mattr                                     0.0907      0.038      2.390      0.017       0.016       0.165
n_low_prevalence                         -0.0884      0.038     -2.342      0.019      -0.162      -0.014
n_low_valence                             0.0753      0.035      2.132      0.033       0.006       0.145
n_low_iconicity                          -0.1027      0.046     -2.233      0.026      -0.193      -0.013
n_dependency_cc                           0.1200      0.060      2.014      0.044       0.003       0.237
n_law                                    -0.0603      0.030     -1.987      0.047      -0.120      -0.001
=========================================================================================================