                           Logit Regression Results                           
==============================================================================
Dep. Variable:                  after   No. Observations:                 5400
Model:                          Logit   Df Residuals:                     5359
Method:                           MLE   Df Model:                           40
Date:                Tue, 25 Mar 2025   Pseudo R-squ.:                 0.08916
Time:                        18:47:17   Log-Likelihood:                -3409.2
converged:                       True   LL-Null:                       -3743.0
Covariance Type:            nonrobust   LLR p-value:                8.852e-115
=========================================================================================================
                                            coef    std err          z      P>|z|      [0.025      0.975]
---------------------------------------------------------------------------------------------------------
const                                     0.0128      0.029      0.440      0.660      -0.044       0.070
n_VERB_Aspect_Prog                        0.1501      0.035      4.251      0.000       0.081       0.219
n_low_intensity_anticipation             -0.1769      0.030     -5.914      0.000      -0.236      -0.118
n_PRON_Person_2                           0.2660      0.046      5.819      0.000       0.176       0.356
n_high_synsets                           -0.2466      0.043     -5.747      0.000      -0.331      -0.163
n_high_valence                            0.2755      0.061      4.482      0.000       0.155       0.396
n_aux                                    -0.2018      0.036     -5.632      0.000      -0.272      -0.132
n_high_surprise_intensity                 0.0985      0.033      2.967      0.003       0.033       0.164
n_dependency_advcl                        0.1509      0.035      4.352      0.000       0.083       0.219
n_PROPN_Number_Plur                       0.1648      0.032      5.225      0.000       0.103       0.227
n_high_Auditory_sensorimotor             -0.1932      0.036     -5.320      0.000      -0.264      -0.122
n_dependency_case                         0.1082      0.030      3.555      0.000       0.049       0.168
avg_Mouth_sensorimotor                    0.1013      0.035      2.914      0.004       0.033       0.169
n_global_token_hapax_dislegomena          0.3750      0.077      4.855      0.000       0.224       0.526
n_dependency_conj                        -0.2220      0.041     -5.453      0.000      -0.302      -0.142
n_VERB_Mood_Ind                          -0.1044      0.030     -3.436      0.001      -0.164      -0.045
n_sentences                               0.1073      0.034      3.155      0.002       0.041       0.174
n_global_token_hapax_legomena            -0.2502      0.074     -3.375      0.001      -0.395      -0.105
n_PUNCT_PunctType_Comm                    0.2082      0.049      4.254      0.000       0.112       0.304
n_controversial_Auditory_sensorimotor    -0.1805      0.046     -3.942      0.000      -0.270      -0.091
avg_word_length                           0.1318      0.045      2.946      0.003       0.044       0.219
n_PRON_Gender_Neut                        0.1049      0.032      3.313      0.001       0.043       0.167
n_high_anger_intensity                    0.1162      0.035      3.324      0.001       0.048       0.185
n_high_Torso_sensorimotor                 0.1026      0.030      3.389      0.001       0.043       0.162
n_high_Haptic_sensorimotor               -0.1010      0.031     -3.311      0.001      -0.161      -0.041
n_dependency_amod                        -0.1606      0.045     -3.595      0.000      -0.248      -0.073
n_low_iconicity                          -0.1520      0.043     -3.541      0.000      -0.236      -0.068
n_PUNCT_PunctType_Quot                    0.1044      0.039      2.645      0.008       0.027       0.182
n_DET_Number_Sing                         0.0787      0.031      2.543      0.011       0.018       0.139
ID                                        0.0834      0.029      2.864      0.004       0.026       0.141
n_high_aoa                                0.1016      0.042      2.403      0.016       0.019       0.184
n_positive_sentiment                      0.1133      0.048      2.380      0.017       0.020       0.207
n_DET_Number_Plur                         0.0721      0.031      2.357      0.018       0.012       0.132
mattr                                     0.1101      0.038      2.864      0.004       0.035       0.185
n_PUNCT_PunctType_Brck                   -0.1281      0.040     -3.212      0.001      -0.206      -0.050
n_fac                                     0.0698      0.030      2.349      0.019       0.012       0.128
n_dependency_predet                      -0.0756      0.030     -2.488      0.013      -0.135      -0.016
maas_index                                0.1322      0.055      2.389      0.017       0.024       0.241
n_percent                                -0.0665      0.030     -2.249      0.025      -0.124      -0.009
n_dependency_parataxis                    0.0673      0.030      2.234      0.025       0.008       0.126
n_law                                    -0.0632      0.030     -2.140      0.032      -0.121      -0.005
=========================================================================================================