                           Logit Regression Results                           
==============================================================================
Dep. Variable:                  after   No. Observations:                 5400
Model:                          Logit   Df Residuals:                     5356
Method:                           MLE   Df Model:                           43
Date:                Tue, 25 Mar 2025   Pseudo R-squ.:                 0.09314
Time:                        18:26:23   Log-Likelihood:                -3394.3
converged:                       True   LL-Null:                       -3742.9
Covariance Type:            nonrobust   LLR p-value:                5.054e-119
=========================================================================================================
                                            coef    std err          z      P>|z|      [0.025      0.975]
---------------------------------------------------------------------------------------------------------
const                                     0.0267      0.029      0.911      0.362      -0.031       0.084
n_VERB_Aspect_Prog                        0.1708      0.036      4.801      0.000       0.101       0.240
n_low_intensity_anticipation             -0.1585      0.030     -5.312      0.000      -0.217      -0.100
n_PRON_Person_2                           0.3093      0.048      6.413      0.000       0.215       0.404
avg_aoa                                   0.1092      0.039      2.785      0.005       0.032       0.186
n_high_synsets                           -0.2126      0.041     -5.141      0.000      -0.294      -0.132
n_high_fear_intensity                     0.1166      0.036      3.254      0.001       0.046       0.187
n_dependency_advcl                        0.1894      0.035      5.461      0.000       0.121       0.257
n_PROPN_Number_Plur                       0.1455      0.031      4.675      0.000       0.085       0.207
n_aux                                    -0.2175      0.036     -6.035      0.000      -0.288      -0.147
n_high_valence                            0.2937      0.054      5.431      0.000       0.188       0.400
n_dependency_amod                        -0.1584      0.045     -3.488      0.000      -0.247      -0.069
n_global_token_hapax_dislegomena          0.4446      0.078      5.669      0.000       0.291       0.598
n_VERB_Mood_Ind                          -0.1254      0.031     -4.080      0.000      -0.186      -0.065
n_global_token_hapax_legomena            -0.3107      0.075     -4.164      0.000      -0.457      -0.164
n_dependency_conj                        -0.1737      0.041     -4.275      0.000      -0.253      -0.094
n_dependency_case                         0.0946      0.031      3.052      0.002       0.034       0.155
n_PUNCT_PunctType_Comm                    0.0510      0.071      0.719      0.472      -0.088       0.190
n_low_prevalence                         -0.0976      0.034     -2.900      0.004      -0.164      -0.032
n_controversial_Auditory_sensorimotor    -0.2120      0.047     -4.527      0.000      -0.304      -0.120
n_sentences                               0.1219      0.034      3.565      0.000       0.055       0.189
n_high_Auditory_sensorimotor             -0.1538      0.034     -4.459      0.000      -0.221      -0.086
n_high_Torso_sensorimotor                 0.1116      0.031      3.630      0.000       0.051       0.172
avg_Haptic_sensorimotor                  -0.2152      0.041     -5.218      0.000      -0.296      -0.134
avg_Gustatory_sensorimotor                0.1443      0.042      3.429      0.001       0.062       0.227
avg_iconicity                             0.0835      0.037      2.258      0.024       0.011       0.156
n_percent                                -0.0800      0.032     -2.538      0.011      -0.142      -0.018
mattr                                     0.1195      0.038      3.147      0.002       0.045       0.194
n_PUNCT_PunctType_Quot                    0.0272      0.053      0.512      0.609      -0.077       0.131
ID                                        0.0729      0.029      2.491      0.013       0.016       0.130
n_high_surprise_intensity                 0.0809      0.034      2.356      0.018       0.014       0.148
n_PUNCT_PunctType_Brck                   -0.2527      0.069     -3.672      0.000      -0.388      -0.118
n_punct                                   0.3307      0.118      2.797      0.005       0.099       0.562
n_dependency_parataxis                    0.0719      0.029      2.438      0.015       0.014       0.130
n_polysyllables                           0.1254      0.054      2.333      0.020       0.020       0.231
n_controversial_iconicity                -0.0716      0.036     -1.969      0.049      -0.143      -0.000
n_PRON_Number_Sing                        0.1067      0.035      3.049      0.002       0.038       0.175
avg_sd_Mouth_sensorimotor                 0.0724      0.035      2.098      0.036       0.005       0.140
n_DET_Number_Plur                         0.0697      0.030      2.296      0.022       0.010       0.129
n_fac                                     0.0575      0.029      1.956      0.050      -0.000       0.115
n_event                                   0.0621      0.032      1.964      0.050       0.000       0.124
n_DET_Number_Sing                         0.0724      0.031      2.321      0.020       0.011       0.134
n_low_iconicity                          -0.0959      0.047     -2.053      0.040      -0.187      -0.004
n_PRON_Case_Acc                          -0.0646      0.033     -1.970      0.049      -0.129      -0.000
=========================================================================================================