                           Logit Regression Results                           
==============================================================================
Dep. Variable:                  after   No. Observations:                 5400
Model:                          Logit   Df Residuals:                     5355
Method:                           MLE   Df Model:                           44
Date:                Tue, 25 Mar 2025   Pseudo R-squ.:                 0.09341
Time:                        18:51:51   Log-Likelihood:                -3393.3
converged:                       True   LL-Null:                       -3742.9
Covariance Type:            nonrobust   LLR p-value:                7.769e-119
=========================================================================================================
                                            coef    std err          z      P>|z|      [0.025      0.975]
---------------------------------------------------------------------------------------------------------
const                                     0.0053      0.029      0.181      0.856      -0.052       0.063
avg_word_length                           0.2106      0.043      4.931      0.000       0.127       0.294
n_low_intensity_anticipation             -0.1114      0.033     -3.387      0.001      -0.176      -0.047
n_PRON_Person_2                           0.2938      0.046      6.398      0.000       0.204       0.384
n_VERB_Aspect_Prog                        0.1496      0.035      4.241      0.000       0.080       0.219
n_high_synsets                           -0.1999      0.041     -4.831      0.000      -0.281      -0.119
n_high_fear_intensity                     0.0908      0.045      2.032      0.042       0.003       0.178
n_PROPN_Number_Plur                       0.1697      0.031      5.438      0.000       0.109       0.231
n_dependency_advcl                        0.1664      0.035      4.696      0.000       0.097       0.236
n_aux                                    -0.1677      0.044     -3.811      0.000      -0.254      -0.081
n_VERB_Mood_Ind                          -0.1301      0.031     -4.203      0.000      -0.191      -0.069
n_high_valence                            0.3243      0.056      5.815      0.000       0.215       0.434
n_high_Auditory_sensorimotor             -0.1514      0.034     -4.409      0.000      -0.219      -0.084
n_dependency_case                         0.1120      0.031      3.625      0.000       0.051       0.173
n_global_token_hapax_dislegomena          0.4290      0.078      5.480      0.000       0.276       0.582
n_global_token_hapax_legomena            -0.3282      0.075     -4.393      0.000      -0.475      -0.182
n_controversial_Auditory_sensorimotor    -0.2141      0.047     -4.534      0.000      -0.307      -0.122
n_PUNCT_PunctType_Quot                    0.1402      0.043      3.226      0.001       0.055       0.225
n_high_Haptic_sensorimotor               -0.0861      0.032     -2.680      0.007      -0.149      -0.023
n_high_Torso_sensorimotor                 0.1099      0.031      3.553      0.000       0.049       0.170
ID                                        0.0899      0.029      3.071      0.002       0.033       0.147
n_sentences                               0.0827      0.034      2.456      0.014       0.017       0.149
n_dependency_conj                        -0.3526      0.069     -5.141      0.000      -0.487      -0.218
n_PUNCT_PunctType_Comm                    0.1850      0.071      2.605      0.009       0.046       0.324
n_dependency_amod                        -0.1431      0.044     -3.244      0.001      -0.229      -0.057
n_high_anger_intensity                    0.1226      0.045      2.748      0.006       0.035       0.210
n_DET_Number_Sing                         0.1050      0.031      3.353      0.001       0.044       0.166
n_low_iconicity                          -0.1525      0.044     -3.462      0.001      -0.239      -0.066
n_PRON_Number_Sing                        0.1388      0.037      3.727      0.000       0.066       0.212
n_high_aoa                                0.1093      0.043      2.548      0.011       0.025       0.193
avg_Gustatory_sensorimotor                0.1445      0.039      3.697      0.000       0.068       0.221
avg_Haptic_sensorimotor                  -0.1266      0.041     -3.108      0.002      -0.206      -0.047
n_PRON_Case_Acc                          -0.0725      0.033     -2.170      0.030      -0.138      -0.007
n_fac                                     0.0726      0.030      2.425      0.015       0.014       0.131
n_dependency_cc                           0.1352      0.060      2.251      0.024       0.017       0.253
n_dependency_parataxis                    0.0643      0.030      2.167      0.030       0.006       0.122
n_PUNCT_PunctSide_Fin                    -0.2587      0.076     -3.409      0.001      -0.407      -0.110
n_punct                                   0.2754      0.111      2.479      0.013       0.058       0.493
n_DET_Number_Plur                         0.0638      0.030      2.105      0.035       0.004       0.123
n_pron                                   -0.0957      0.040     -2.411      0.016      -0.173      -0.018
n_VERB_VerbForm_Inf                       0.1705      0.055      3.123      0.002       0.063       0.278
n_dependency_aux                         -0.1509      0.064     -2.372      0.018      -0.276      -0.026
n_product                                 0.0637      0.029      2.196      0.028       0.007       0.120
n_low_intensity_sadness                  -0.0709      0.034     -2.113      0.035      -0.137      -0.005
n_dependency_neg                          0.0644      0.033      1.964      0.050       0.000       0.129
=========================================================================================================